1.000000000000000056e-01 1.034404425432267804e+22
1.023023023023023059e-01 1.428974365256127716e+22
1.046046046046046063e-01 1.946099577741884208e+22
1.069069069069069067e-01 2.615247057323826977e+22
1.092092092092092070e-01 3.470836334749639141e+22
1.115115115115115213e-01 4.552665138766149373e+22
1.138138138138138217e-01 5.906315181653736240e+22
1.161161161161161220e-01 7.583531850836429767e+22
1.184184184184184224e-01 9.642572183250879382e+22
1.207207207207207228e-01 1.214851619181296406e+23
1.230230230230230232e-01 4.937944545855758695e+24
1.253253253253253374e-01 8.588109832238430106e+24
1.276276276276276378e-01 1.165328106618400068e+25
1.299299299299299382e-01 1.420690508680235549e+25
1.322322322322322385e-01 1.631350905263116887e+25
1.345345345345345389e-01 1.802989674040951349e+25
1.368368368368368393e-01 1.941036890963566718e+25
1.391391391391391397e-01 2.052917109373720844e+25
1.414414414414414400e-01 2.144811019909612217e+25
1.437437437437437404e-01 2.220921350753513061e+25
1.460460460460460408e-01 2.284543840875356198e+25
1.483483483483483412e-01 2.338471803017711934e+25
1.506506506506506415e-01 2.384857512769779634e+25
1.529529529529529697e-01 2.425413636214093974e+25
1.552552552552552423e-01 2.461830661827202439e+25
1.575575575575575704e-01 2.495743173172832914e+25
1.598598598598598430e-01 2.528432805304781896e+25
1.621621621621621712e-01 2.560916647840790792e+25
1.644644644644644715e-01 2.593900212055979809e+25
1.667667667667667719e-01 2.627599192218763882e+25
1.690690690690690723e-01 2.662213308863624844e+25
1.713713713713713727e-01 2.698010900690711976e+25
1.736736736736736730e-01 2.735305639159465435e+25
1.759759759759759734e-01 2.774515399042654990e+25
1.782782782782782738e-01 2.816308221833083578e+25
1.805805805805805742e-01 2.861321046668482417e+25
1.828828828828828745e-01 2.910106465616736991e+25
1.851851851851851749e-01 2.963149925626679894e+25
1.874874874874875030e-01 3.020882939104342437e+25
1.897897897897897757e-01 3.083680060081624494e+25
1.920920920920921038e-01 3.151855828371096751e+25
1.943943943943943764e-01 3.225702213653699743e+25
1.966966966966967045e-01 3.305495913759666564e+25
1.989989989989989772e-01 3.391500369861561615e+25
2.013013013013013053e-01 3.483967357579563343e+25
2.036036036036036057e-01 3.583136747757111612e+25
2.059059059059059060e-01 3.689198064939073463e+25
2.082082082082082064e-01 3.802297948343679365e+25
2.105105105105105068e-01 3.922591020369769220e+25
2.128128128128128072e-01 4.050239757562441782e+25
2.151151151151151075e-01 4.185412006832035439e+25
2.174174174174174079e-01 4.328278931948252451e+25
2.197197197197197083e-01 4.479013312706115867e+25
2.220220220220220364e-01 4.637788134372867723e+25
2.243243243243243090e-01 4.804775417034057158e+25
2.266266266266266094e-01 4.980145243982987572e+25
2.289289289289289375e-01 5.164064955887369016e+25
2.312312312312312379e-01 5.356698483540472593e+25
2.335335335335335383e-01 5.558205796883700734e+25
2.358358358358358386e-01 5.768742451922743321e+25
2.381381381381381390e-01 5.988459220345569341e+25
2.404404404404404394e-01 6.217501789238322090e+25
2.427427427427427398e-01 6.456010520405045640e+25
2.450450450450450401e-01 6.707644423276649329e+25
2.473473473473473405e-01 6.969552819078692681e+25
2.496496496496496409e-01 7.241195778327954897e+25
2.519519519519519690e-01 7.522710247444864215e+25
2.542542542542542416e-01 7.814224978727122327e+25
2.565565565565565143e-01 8.115860764008244112e+25
2.588588588588588424e-01 8.427730658461567199e+25
2.611611611611611705e-01 8.749940195647640123e+25
2.634634634634634431e-01 9.082587594760084135e+25
2.657657657657657158e-01 9.425763960899562592e+25
2.680680680680680439e-01 9.779553479094800231e+25
2.703703703703703720e-01 1.014403360269190045e+26
2.726726726726727001e-01 1.051927523664835562e+26
2.749749749749749728e-01 1.090534291619221047e+26
2.772772772772772454e-01 1.130229498124166489e+26
2.795795795795795735e-01 1.171018374692259944e+26
2.818818818818819016e-01 1.212905567047115559e+26
2.841841841841841743e-01 1.255895151476504677e+26
2.864864864864864469e-01 1.299990650868881016e+26
2.887887887887887750e-01 1.345195050450555907e+26
2.910910910910911031e-01 1.391510813237930460e+26
2.933933933933933758e-01 1.438939895216687885e+26
2.956956956956956484e-01 1.487483760257846755e+26
2.979979979979979765e-01 1.537143394778626364e+26
3.003003003003003046e-01 1.587919322154738979e+26
3.026026026026026328e-01 1.639811616889248837e+26
3.049049049049049054e-01 1.692819911636968475e+26
3.072072072072071780e-01 1.746943176671349885e+26
3.095095095095095061e-01 1.802179700606234670e+26
3.118118118118118343e-01 1.858527405621553753e+26
3.141141141141141069e-01 1.915983876941244428e+26
3.164164164164163795e-01 1.974546372344527590e+26
3.187187187187187076e-01 2.034211831683760047e+26
3.210210210210210358e-01 2.094976886391865527e+26
3.233233233233233084e-01 2.156837868963582526e+26
3.256256256256255810e-01 2.219790822395830942e+26
3.279279279279279091e-01 2.283831509573814038e+26
3.302302302302302373e-01 2.348955422590414740e+26
3.325325325325325099e-01 2.415157791987603585e+26
3.348348348348347825e-01 2.482433595909360375e+26
3.371371371371371106e-01 2.550777569156704590e+26
3.394394394394394388e-01 2.620184212136186222e+26
3.417417417417417669e-01 2.690647799694052134e+26
3.440440440440440395e-01 2.762162389829108805e+26
3.463463463463463121e-01 2.834721832277874727e+26
3.486486486486486402e-01 2.908319774289596531e+26
3.509509509509509684e-01 2.982949635443778888e+26
3.532532532532531855e-01 3.058604628934332352e+26
3.555555555555555136e-01 3.135277796911770030e+26
3.578578578578578417e-01 3.212962018676512254e+26
3.601601601601601699e-01 3.291650018107637250e+26
3.624624624624624980e-01 3.371334370955437365e+26
3.647647647647647151e-01 2.687305994578877345e+25
3.670670670670670432e-01 2.717887544232687534e+25
3.693693693693693714e-01 2.749025686971062027e+25
3.716716716716716995e-01 2.780714561456549350e+25
3.739739739739739166e-01 2.812948328292390278e+25
3.762762762762762447e-01 2.845721169493063054e+25
3.785785785785785729e-01 2.879027288076371011e+25
3.808808808808809010e-01 2.912860907765725748e+25
3.831831831831831181e-01 2.947216272791868248e+25
3.854854854854854462e-01 2.982087647784308427e+25
3.877877877877877744e-01 3.017469317743385509e+25
3.900900900900901025e-01 3.053355588084529383e+25
3.923923923923923196e-01 3.089740784747052988e+25
3.946946946946946477e-01 3.126619254360225378e+25
3.969969969969969759e-01 3.163985364460169291e+25
3.970000000000000195e-01 3.263977845525744296e+25
3.992992992992993040e-01 3.201833503751358085e+25
4.016016016016016321e-01 3.240158082407243694e+25
4.039039039039038492e-01 3.278953532404795062e+25
4.062062062062061774e-01 3.318214316249082971e+25
4.085085085085085055e-01 3.357935363862008704e+25
4.102000000000000091e-01 3.554726816037130885e+25
4.108108108108108336e-01 3.398112250948073461e+25
4.131131131131130507e-01 3.438740556923557043e+25
4.154154154154153789e-01 3.479815813478369019e+25
4.177177177177177070e-01 3.521333508980406695e+25
4.200200200200200351e-01 3.563289092671439658e+25
4.223223223223222522e-01 3.605677978664393751e+25
4.246246246246245803e-01 3.648495549751239440e+25
4.269269269269269085e-01 3.691737161030291414e+25
4.292292292292292366e-01 3.735398143361260666e+25
4.315315315315314537e-01 3.779473806655901666e+25
4.338338338338337818e-01 3.823959443011827949e+25
4.339999999999999969e-01 4.149427988463645058e+25
4.361361361361361100e-01 3.868850329696505071e+25
4.384384384384384381e-01 3.914141731988241763e+25
4.407407407407407662e-01 3.959828905880623036e+25
4.430430430430429833e-01 4.005907100656353084e+25
4.453453453453453115e-01 4.052371561336497752e+25
4.476476476476476396e-01 4.099217531010441586e+25
4.499499499499499677e-01 4.146440253051970700e+25
4.522522522522521848e-01 4.194034973226382871e+25
4.545545545545545130e-01 4.241996941693469592e+25
4.568568568568568411e-01 4.290321414910737194e+25
4.591591591591591692e-01 4.339003657441426594e+25
4.614614614614613863e-01 4.388038943671266691e+25
4.637637637637637145e-01 4.437422559438004721e+25
4.660660660660660426e-01 4.487149803577291255e+25
4.683683683683683707e-01 4.537215989388799930e+25
4.706706706706706989e-01 4.587616446025683728e+25
4.729729729729729160e-01 4.638346519810789177e+25
4.752752752752752441e-01 4.689401575482828229e+25
4.775775775775775722e-01 4.740776997375197319e+25
4.798798798798799004e-01 4.792468190530676852e+25
4.821821821821821175e-01 4.844470581754361338e+25
4.844844844844844456e-01 4.896779620607713249e+25
4.860999999999999766e-01 5.708184623943929228e+25
4.867867867867867737e-01 4.949390779545445346e+25
4.890890890890891018e-01 5.002299454801238133e+25
4.913913913913913190e-01 5.055500877698076525e+25
4.936936936936936471e-01 5.108990299479902260e+25
4.959959959959959752e-01 5.162763015152830477e+25
4.982982982982983033e-01 5.216814363394994052e+25
5.006006006006005205e-01 5.271139726458382985e+25
5.029029029029028486e-01 5.325734530062994067e+25
5.052052052052051767e-01 5.380594243283385335e+25
5.075075075075075048e-01 5.435714378427714330e+25
5.098098098098098330e-01 5.491090490909507553e+25
5.121121121121120501e-01 5.546718179112231557e+25
5.144144144144143782e-01 5.602593084246924229e+25
5.167167167167167063e-01 5.658710890202990206e+25
5.190190190190190345e-01 5.715067323392296134e+25
5.213213213213212516e-01 5.771658152586931719e+25
5.236236236236235797e-01 5.828479188750589310e+25
5.259259259259259078e-01 5.885526284863874693e+25
5.282282282282282360e-01 5.942795335743760409e+25
5.305305305305304531e-01 6.000282277857240869e+25
5.328328328328327812e-01 6.057983089129599000e+25
5.351351351351351093e-01 6.115893788747165028e+25
5.374374374374374375e-01 6.174010436955088797e+25
5.397397397397396546e-01 6.232329134850035446e+25
5.420420420420419827e-01 6.290846024168227911e+25
5.443443443443443108e-01 6.349557287068854304e+25
5.466466466466466390e-01 6.408459145913012818e+25
5.489489489489489671e-01 6.467547863038648563e+25
5.512512512512511842e-01 6.526819740531250426e+25
5.535535535535535123e-01 6.586271119990841355e+25
5.558558558558558405e-01 6.645898382295262102e+25
5.581581581581581686e-01 6.705697947359952837e+25
5.604604604604603857e-01 6.765666273894468024e+25
5.627627627627627138e-01 6.825799859155766619e+25
5.650650650650650419e-01 6.886095238698651284e+25
5.673673673673673701e-01 6.946548986123213139e+25
5.696696696696695872e-01 7.007157712819820657e+25
5.719719719719719153e-01 7.067918067711492065e+25
5.742742742742742434e-01 7.128826736993915818e+25
5.765765765765765716e-01 7.189880443873391452e+25
5.788788788788787887e-01 7.251075948302626388e+25
5.811811811811811168e-01 7.312410046714695352e+25
5.834834834834834449e-01 7.373879571755259469e+25
5.857857857857857731e-01 7.435481392013055350e+25
5.880880880880881012e-01 7.497212411749081939e+25
5.903903903903903183e-01 7.559069570624291859e+25
5.926926926926926464e-01 7.621049843426150599e+25
5.949949949949949746e-01 7.683150239794046370e+25
5.972972972972973027e-01 7.745367803943727580e+25
5.995995995995995198e-01 7.807699614390938870e+25
6.019019019019018479e-01 7.870142783674239385e+25
6.042042042042041761e-01 7.932694458077212880e+25
6.065065065065063932e-01 7.995351817350201082e+25
6.088088088088087213e-01 8.058112074447011892e+25
6.111111111111110494e-01 8.120972486141126768e+25
6.134134134134133776e-01 8.183930371087404012e+25
6.157157157157157057e-01 8.246983083513782297e+25
6.180180180180179228e-01 8.310128007760650661e+25
6.203203203203202509e-01 8.373362558074269165e+25
6.226226226226225791e-01 8.436684178397476861e+25
6.249249249249249072e-01 8.500090342158224776e+25
6.272272272272271243e-01 8.563578552055817112e+25
6.295295295295294524e-01 8.627146339845212832e+25
6.318318318318317806e-01 8.690791266119397952e+25
6.341341341341341087e-01 8.754510920090247715e+25
6.364364364364363258e-01 8.818302919367632990e+25
6.387387387387386539e-01 8.882164909737382491e+25
6.410410410410409821e-01 8.946094564937805316e+25
6.433433433433433102e-01 9.010089586435296086e+25
6.456456456456455273e-01 9.074147703918635865e+25
6.479479479479478554e-01 9.138266671473567861e+25
6.502502502502501835e-01 9.202444274554127212e+25
6.525525525525525117e-01 9.266678322556639093e+25
6.548548548548548398e-01 9.330966652190850574e+25
6.562999999999999945e-01 1.237251932296241170e+26
6.571571571571570569e-01 9.395307126531393961e+25
6.594594594594593850e-01 9.459697634789261901e+25
6.617617617617617132e-01 9.524136092082560919e+25
6.640640640640640413e-01 9.588620439207606843e+25
6.663663663663662584e-01 9.653148642409698965e+25
6.686686686686685865e-01 9.717718693154234360e+25
6.709709709709709147e-01 9.782328607897750054e+25
6.732732732732732428e-01 9.846976427859379220e+25
6.755755755755754599e-01 9.911660218792496359e+25
6.778778778778777880e-01 9.976378070756864134e+25
6.801801801801801162e-01 1.004112809789122515e+26
6.824824824824824443e-01 1.010590843818619098e+26
6.847847847847846614e-01 1.017071725325812584e+26
6.870870870870869895e-01 1.023555272812329147e+26
6.893893893893893177e-01 1.030041307097291626e+26
6.916916916916916458e-01 1.036529651294889142e+26
6.939939939939939739e-01 1.043020130791930400e+26
6.962962962962961910e-01 1.049512573226032637e+26
6.985985985985985192e-01 1.056006808462771887e+26
7.009009009009008473e-01 1.062502668574066406e+26
7.032032032032031754e-01 1.068999987816090748e+26
7.055055055055053925e-01 1.075498602607404077e+26
7.078078078078077207e-01 1.081998351507185673e+26
7.101101101101100488e-01 1.088499075193580914e+26
7.124124124124123769e-01 1.095000616442165447e+26
7.147147147147145940e-01 1.101502820104516740e+26
7.170170170170169222e-01 1.108005533086917401e+26
7.193193193193192503e-01 1.114508604329164493e+26
7.216216216216215784e-01 1.121011884783535709e+26
7.239239239239237955e-01 1.127515227393840237e+26
7.262262262262261237e-01 1.134018487074640741e+26
7.285285285285284518e-01 1.140521520690582882e+26
7.308308308308307799e-01 1.147024187035867785e+26
7.331331331331331080e-01 1.153526346813862451e+26
7.354354354354353251e-01 1.160027862616847955e+26
7.377377377377376533e-01 1.166528598905906118e+26
7.400400400400399814e-01 1.173028421990951857e+26
7.423423423423423095e-01 1.179527200010896965e+26
7.446446446446445266e-01 1.186024802913983630e+26
7.469469469469468548e-01 1.192521102438232021e+26
7.492492492492491829e-01 1.199015972092060714e+26
7.515515515515515110e-01 1.205509287135039565e+26
7.538538538538537281e-01 1.212000924558801331e+26
7.561561561561560563e-01 1.218490763068094679e+26
7.584584584584583844e-01 1.224978683061989925e+26
7.607607607607607125e-01 1.231464566615244716e+26
7.630630630630629296e-01 1.237948297459804576e+26
7.653653653653652578e-01 1.244429760966470612e+26
7.676676676676675859e-01 1.250908844126712901e+26
7.699699699699699140e-01 1.257385435534635413e+26
7.722722722722722422e-01 1.263859425369093305e+26
7.745745745745744593e-01 1.270330705375976362e+26
7.768768768768767874e-01 1.276799168850625393e+26
7.791791791791791155e-01 1.283264710620417175e+26
7.814814814814814437e-01 1.289727227027490263e+26
7.837837837837836608e-01 1.296186615911646211e+26
7.860860860860859889e-01 1.302642776593372768e+26
7.883883883883883170e-01 1.309095609857052275e+26
7.906906906906906451e-01 1.315545017934287916e+26
7.929929929929928623e-01 1.321990904487422551e+26
7.952952952952951904e-01 1.328433174593175577e+26
7.975975975975975185e-01 1.334871734726454516e+26
7.998998998998998466e-01 1.341306492744293204e+26
8.022022022022021748e-01 1.347737357869981890e+26
8.045045045045043919e-01 1.354164240677288386e+26
8.068068068068067200e-01 1.360587053074901178e+26
8.091091091091090481e-01 1.367005708290956894e+26
8.114114114114113763e-01 1.373420120858892338e+26
8.137137137137135934e-01 1.379830206723952804e+26
8.160160160160159215e-01 1.386235883330828483e+26
8.183183183183182496e-01 1.392637069396789821e+26
8.206206206206205778e-01 1.399033684871249544e+26
8.229229229229227949e-01 4.483540171923156402e+25
8.252252252252251230e-01 4.501833489245996744e+25
8.275275275275274511e-01 4.520120016519204485e+25
8.298298298298297793e-01 4.538399463642711440e+25
8.321321321321319964e-01 4.556671544605419778e+25
8.344344344344343245e-01 4.574935977438694400e+25
8.367367367367366526e-01 4.593192484170290828e+25
8.390390390390389808e-01 4.611440790778788174e+25
8.413413413413413089e-01 4.629680627148374307e+25
8.436436436436435260e-01 4.647911727024144686e+25
8.459459459459458541e-01 4.666133827967784316e+25
8.482482482482481823e-01 4.684346671313732447e+25
8.505505505505505104e-01 4.702550002125731256e+25
8.528528528528527275e-01 4.720743569153858130e+25
8.551551551551550556e-01 4.738927124791932476e+25
8.574574574574573838e-01 4.757100425035373503e+25
8.597597597597597119e-01 4.775263229439502103e+25
8.620620620620619290e-01 4.793415301078244739e+25
8.643643643643642571e-01 4.811556406503228177e+25
8.666666666666665853e-01 4.829686315703335497e+25
8.689689689689689134e-01 4.847804802064664113e+25
8.712712712712711305e-01 4.865911642330890097e+25
8.735735735735734586e-01 4.884006616564020768e+25
8.758758758758757867e-01 4.902089508105591378e+25
8.781781781781781149e-01 4.920160103538248352e+25
8.804804804804804430e-01 4.938218192647708759e+25
8.827827827827826601e-01 4.956263568385168183e+25
8.850850850850849882e-01 4.974296026830049612e+25
8.873873873873873164e-01 4.992315367153186978e+25
8.896896896896896445e-01 5.010321391580344564e+25
8.919919919919918616e-01 5.028313905356215731e+25
8.942942942942941897e-01 5.046292716708687069e+25
8.965965965965965179e-01 5.064257636813563833e+25
8.988988988988988460e-01 5.082208479759668178e+25
9.012012012012010631e-01 5.100145062514250071e+25
9.035035035035033912e-01 5.118067204888843158e+25
9.058058058058057194e-01 5.135974729505449631e+25
9.081081081081080475e-01 5.153867461763082428e+25
9.104104104104103756e-01 5.171745229804703438e+25
9.127127127127125927e-01 5.189607864484485539e+25
9.150150150150149209e-01 5.207455199335439714e+25
9.173173173173172490e-01 5.225287070537412390e+25
9.196196196196195771e-01 5.243103316885424656e+25
9.219219219219217942e-01 5.260903779758319861e+25
9.242242242242241224e-01 5.278688303087832121e+25
9.265265265265264505e-01 5.296456733327904786e+25
9.288288288288287786e-01 5.314208919424422952e+25
9.311311311311309957e-01 5.331944712785232867e+25
9.334334334334333239e-01 5.349663967250493772e+25
9.357357357357356520e-01 5.367366539063422304e+25
9.380380380380379801e-01 5.385052286841248210e+25
9.403403403403401972e-01 5.402721071546568627e+25
9.426426426426425254e-01 5.420372756459062294e+25
9.449449449449448535e-01 5.438007207147385860e+25
9.472472472472471816e-01 5.455624291441497969e+25
9.495495495495495097e-01 5.473223879405253084e+25
9.518518518518517268e-01 5.490805843309313976e+25
9.541541541541540550e-01 5.508370057604318494e+25
9.564564564564563831e-01 5.525916398894469809e+25
9.587587587587587112e-01 5.543444745911231457e+25
9.610610610610609283e-01 5.560954979487501700e+25
9.633633633633632565e-01 5.578446982532014661e+25
9.656656656656655846e-01 5.595920640003950201e+25
9.679679679679679127e-01 5.613375838887987881e+25
9.702702702702701298e-01 5.630812468169466598e+25
9.725725725725724580e-01 5.648230418810007204e+25
9.748748748748747861e-01 5.665629583723264839e+25
9.771771771771771142e-01 5.683009857750999095e+25
9.794794794794793313e-01 5.700371137639480898e+25
9.817817817817816595e-01 5.717713322016069474e+25
9.840840840840839876e-01 5.735036311366144083e+25
9.863863863863863157e-01 5.752340008010198098e+25
9.886886886886886439e-01 5.769624316081323924e+25
9.909909909909908610e-01 5.786889141502830212e+25
9.932932932932931891e-01 5.804134391966190632e+25
9.955955955955955172e-01 5.821359976909244339e+25
9.978978978978978454e-01 5.838565807494586278e+25
1.000200200200200173e+00 5.855751796588274447e+25
1.002502502502502502e+00 5.872917858738738179e+25
1.004804804804804830e+00 5.890063910155934659e+25
1.007107107107107158e+00 5.907189868690815550e+25
1.009409409409409264e+00 5.924295653814856317e+25
1.011711711711711592e+00 5.941381186600037386e+25
1.014014014014013920e+00 5.958446389698900030e+25
1.016316316316316248e+00 5.975491187324880578e+25
1.018618618618618576e+00 5.992515505232911762e+25
1.020920920920920905e+00 6.009519270700160651e+25
1.023223223223223233e+00 6.026502412507092135e+25
1.025525525525525561e+00 6.043464860918659552e+25
1.027827827827827889e+00 6.060406547665777050e+25
1.030130130130129995e+00 6.077327405926962906e+25
1.032432432432432323e+00 6.094227370310223345e+25
1.034734734734734651e+00 6.111106376835152842e+25
1.037037037037036979e+00 6.127964362915207068e+25
1.039339339339339308e+00 6.144801267340212068e+25
1.041641641641641636e+00 6.161617030259066711e+25
1.043943943943943964e+00 6.178411593162636691e+25
1.046246246246246292e+00 6.195184898866867576e+25
1.048548548548548398e+00 6.211936891496096285e+25
1.050850850850850726e+00 6.228667516466518037e+25
1.053153153153153054e+00 6.245376720469878363e+25
1.055455455455455382e+00 6.262064451457342069e+25
1.057757757757757711e+00 6.278730658623637930e+25
1.060060060060060039e+00 6.295375292391171611e+25
1.062362362362362367e+00 6.311998304394570654e+25
1.064664664664664695e+00 6.328599647465232903e+25
1.066966966966967023e+00 6.345179275616183312e+25
1.069269269269269129e+00 6.361737144026976271e+25
1.071571571571571457e+00 6.378273209028934665e+25
1.073873873873873785e+00 6.394787428090380343e+25
1.076176176176176114e+00 6.411279759802193574e+25
1.078478478478478442e+00 6.427750163863440370e+25
1.080780780780780770e+00 6.444198601067241188e+25
1.083083083083083098e+00 6.460625033286730677e+25
1.085385385385385426e+00 6.477029423461254516e+25
1.087687687687687532e+00 6.493411735582665887e+25
1.089989989989989860e+00 6.509771934681858181e+25
1.092292292292292188e+00 6.526109986815337209e+25
1.094000000000000083e+00 6.696181532468363566e+25
1.094594594594594517e+00 6.542425859052090628e+25
1.096896896896896845e+00 6.558719519460500316e+25
1.099199199199199173e+00 6.574990937095484961e+25
1.101501501501501501e+00 6.591240081985735415e+25
1.103803803803803829e+00 6.607466925121134737e+25
1.106106106106106157e+00 6.623671438440336286e+25
1.108408408408408485e+00 6.639853594818426001e+25
1.110710710710710813e+00 6.656013368054819180e+25
1.113013013013012920e+00 6.672150732861232859e+25
1.115315315315315248e+00 6.688265664849787885e+25
1.117617617617617576e+00 6.704358140521380730e+25
1.119919919919919904e+00 6.720428137253977123e+25
1.122222222222222232e+00 6.736475633291232106e+25
1.124524524524524560e+00 6.752500607731171079e+25
1.126826826826826888e+00 6.768503040514995394e+25
1.129129129129129216e+00 6.784482912416009931e+25
1.131431431431431545e+00 6.800440205028743947e+25
1.133733733733733651e+00 6.816374900758143219e+25
1.136036036036035979e+00 6.832286982808908216e+25
1.138338338338338307e+00 6.848176435174949097e+25
1.140640640640640635e+00 6.864043242628983300e+25
1.142942942942942963e+00 6.879887390712225903e+25
1.145245245245245291e+00 6.895708865724254358e+25
1.147547547547547619e+00 6.911507654712941950e+25
1.149849849849849948e+00 6.927283745464507213e+25
1.152152152152152054e+00 6.943037126493737728e+25
1.154454454454454382e+00 6.958767787034287791e+25
1.156756756756756710e+00 6.974475717029076585e+25
1.159059059059059038e+00 6.990160907120845265e+25
1.161361361361361366e+00 7.005823348642775027e+25
1.163663663663663694e+00 7.021463033609270975e+25
1.165965965965966022e+00 7.037079954706829296e+25
1.168268268268268351e+00 7.052674105284956843e+25
1.170570570570570679e+00 7.068245479347295156e+25
1.172872872872872785e+00 7.083794071542830379e+25
1.175175175175175113e+00 7.099319877157145275e+25
1.177477477477477441e+00 7.114822892103784620e+25
1.179779779779779769e+00 7.130303112915834492e+25
1.182082082082082097e+00 7.145760536737434555e+25
1.184384384384384425e+00 7.161195161315545469e+25
1.186686686686686754e+00 7.176606984991694817e+25
1.188988988988989082e+00 7.191996006693859622e+25
1.191291291291291188e+00 7.207362225928502615e+25
1.193593593593593516e+00 7.222705642772641150e+25
1.195895895895895844e+00 7.238026257866007168e+25
1.198198198198198172e+00 7.253324072403320556e+25
1.200500500500500500e+00 7.268599088126659563e+25
1.202802802802802828e+00 7.283851307317922275e+25
1.205105105105105157e+00 7.299080732791351652e+25
1.207407407407407485e+00 7.314287367886157635e+25
1.209709709709709813e+00 7.329471216459302462e+25
1.212012012012011919e+00 7.344632282878213821e+25
1.214314314314314247e+00 7.359770572013747981e+25
1.216616616616616575e+00 7.374886089393618045e+25
1.218918918918918903e+00 7.389978841929998351e+25
1.221221221221221231e+00 7.405048837306358617e+25
1.223523523523523560e+00 7.420096083651810073e+25
1.225825825825825888e+00 7.435120589534710254e+25
1.228128128128128216e+00 7.450122363956601943e+25
1.230430430430430322e+00 7.465101416346161562e+25
1.232732732732732650e+00 7.480057756553389798e+25
1.235035035035034978e+00 7.494991394843639022e+25
1.237337337337337306e+00 7.509902341891961972e+25
1.239639639639639634e+00 7.524790608777253418e+25
1.241941941941941963e+00 7.539656206976693329e+25
1.244244244244244291e+00 7.554499148360130781e+25
1.246546546546546619e+00 7.569319445184537429e+25
1.248848848848848947e+00 7.584117110088547750e+25
1.251151151151151053e+00 7.598892156087115242e+25
1.253453453453453381e+00 7.613644596566065546e+25
1.255755755755755709e+00 7.628374445276905550e+25
1.258058058058058037e+00 7.643081716331556042e+25
1.260360360360360366e+00 7.657766424197226093e+25
1.262662662662662694e+00 7.672428583691270265e+25
1.264964964964965022e+00 7.687068209976192705e+25
1.267267267267267350e+00 7.701685318554622034e+25
1.269569569569569456e+00 7.716279925264379864e+25
1.271871871871871784e+00 7.730852046273685897e+25
1.274174174174174112e+00 7.745401698076203251e+25
1.276476476476476440e+00 7.759928897486440268e+25
1.278778778778778769e+00 7.774433661634905792e+25
1.281081081081081097e+00 7.788916007963532447e+25
1.282000000000000028e+00 8.131654362129678007e+25
1.283383383383383425e+00 7.803375954221032068e+25
1.285685685685685753e+00 7.817813518458422055e+25
1.287987987987988081e+00 7.832228719024448659e+25
1.290290290290290187e+00 7.846621574561197526e+25
1.292592592592592515e+00 7.860992103999671599e+25
1.294894894894894843e+00 7.875340326555475531e+25
1.297197197197197172e+00 7.889666261724529315e+25
1.299499499499499500e+00 7.903969929278781898e+25
1.301801801801801828e+00 7.918251349262094890e+25
1.304104104104104156e+00 7.932510541986016315e+25
1.306406406406406484e+00 7.946747528025727880e+25
1.308708708708708590e+00 7.960962328216043782e+25
1.311011011011010918e+00 7.975154963647306439e+25
1.313313313313313246e+00 7.989325455661507275e+25
1.315615615615615575e+00 8.003473825848361118e+25
1.317917917917917903e+00 8.017600096041430425e+25
1.320220220220220231e+00 8.031704288314342273e+25
1.322522522522522559e+00 8.045786424976929759e+25
1.324824824824824887e+00 8.059846528571620795e+25
1.327127127127127215e+00 8.073884621869668841e+25
1.329429429429429321e+00 8.087900727867515928e+25
1.331731731731731649e+00 8.101894869783231274e+25
1.334034034034033978e+00 8.115867071052906941e+25
1.336336336336336306e+00 8.129817355327182354e+25
1.338638638638638634e+00 8.143745746467715553e+25
1.340940940940940962e+00 8.157652268543819374e+25
1.343243243243243290e+00 8.171536945828992834e+25
1.345545545545545618e+00 8.185399802797601983e+25
1.347847847847847724e+00 8.199240864121565901e+25
1.350150150150150052e+00 8.213060154667075349e+25
1.352452452452452381e+00 8.226857699491337182e+25
1.354754754754754709e+00 8.240633523839378891e+25
1.357057057057057037e+00 8.254387653140942485e+25
1.359359359359359365e+00 8.268120113007228907e+25
1.361661661661661693e+00 8.281830929227951682e+25
1.363963963963964021e+00 8.295520127768189570e+25
1.366266266266266349e+00 8.309187734765404137e+25
1.368568568568568455e+00 8.322833776526450460e+25
1.370870870870870784e+00 8.336458279524666856e+25
1.373173173173173112e+00 8.350061270396858096e+25
1.375475475475475440e+00 8.363642775940562093e+25
1.377777777777777768e+00 8.377202823111100109e+25
1.380080080080080096e+00 8.390741439018826268e+25
1.382382382382382424e+00 8.404258650926272255e+25
1.384684684684684752e+00 8.417754486245518799e+25
1.386986986986986858e+00 8.431228972535414252e+25
1.389289289289289187e+00 8.444682137498868757e+25
1.391591591591591515e+00 8.458114008980316786e+25
1.393893893893893843e+00 8.471524614962956331e+25
1.396196196196196171e+00 8.484913983566290466e+25
1.398498498498498499e+00 8.498282143043510853e+25
1.400800800800800827e+00 8.511629121778980891e+25
1.403103103103103155e+00 8.524954948285760099e+25
1.405405405405405483e+00 8.538259651203121620e+25
1.407707707707707590e+00 8.551543259294157352e+25
1.410010010010009918e+00 8.564805801443300610e+25
1.412312312312312246e+00 8.578047306654018865e+25
1.414614614614614574e+00 8.591267804046460109e+25
1.416916916916916902e+00 8.604467322855090619e+25
1.419219219219219230e+00 8.617645892426461573e+25
1.421521521521521558e+00 8.630803542216894924e+25
1.423823823823823886e+00 8.643940301790239709e+25
1.426126126126125992e+00 8.657056200815748615e+25
1.428428428428428321e+00 8.670151269065799931e+25
1.430730730730730649e+00 8.683225536413798165e+25
1.433033033033032977e+00 8.696279032831999076e+25
1.435335335335335305e+00 8.709311788389461833e+25
1.437637637637637633e+00 8.722323833249923860e+25
1.439939939939939961e+00 8.735315197669735823e+25
1.442242242242242289e+00 8.748285911995937481e+25
1.444544544544544618e+00 8.761236006664068971e+25
1.446846846846846724e+00 8.774165512196378947e+25
1.449149149149149052e+00 8.787074459199762998e+25
1.451451451451451380e+00 8.799962878363820600e+25
1.453753753753753708e+00 8.812830800459046084e+25
1.456056056056056036e+00 8.825678256334811710e+25
1.458358358358358364e+00 8.838505276917622198e+25
1.460660660660660692e+00 4.809395859020257546e+25
1.462962962962963021e+00 4.816158348595091617e+25
1.465265265265265349e+00 4.822910803371593587e+25
1.467567567567567455e+00 4.829653235417323618e+25
1.469869869869869783e+00 4.836385656864255214e+25
1.472172172172172111e+00 4.843108079907662829e+25
1.474474474474474439e+00 4.849820516805018051e+25
1.476776776776776767e+00 4.856522979874925318e+25
1.479079079079079095e+00 4.863215481496013812e+25
1.481381381381381424e+00 4.869898034105901514e+25
1.483683683683683752e+00 4.876570650200126616e+25
1.485985985985985858e+00 4.883233342331121882e+25
1.488288288288288186e+00 4.889886123107187293e+25
1.490590590590590514e+00 4.896529005191473858e+25
1.492892892892892842e+00 4.903162001300970001e+25
1.495195195195195170e+00 4.909785124205527461e+25
1.497497497497497498e+00 4.916398386726870016e+25
1.499799799799799827e+00 4.923001801737643437e+25
1.502102102102102155e+00 4.929595382160401012e+25
1.504404404404404483e+00 4.936179140966744557e+25
1.506706706706706589e+00 4.942753091176313379e+25
1.509009009009008917e+00 4.949317245855906386e+25
1.511311311311311245e+00 4.955871618118547498e+25
1.513613613613613573e+00 4.962416221122551927e+25
1.515915915915915901e+00 4.968951068070708412e+25
1.518218218218218230e+00 4.975476172209341198e+25
1.520520520520520558e+00 4.981991546827437298e+25
1.522822822822822886e+00 4.988497205255808118e+25
1.525125125125124992e+00 4.994993160866221872e+25
1.527427427427427320e+00 5.001479427070548025e+25
1.529729729729729648e+00 5.007956017319973889e+25
1.532032032032031976e+00 5.014422945104116427e+25
1.534334334334334304e+00 5.020880223950248298e+25
1.536636636636636633e+00 5.027327867422508441e+25
1.538938938938938961e+00 5.033765889121047379e+25
1.541241241241241289e+00 5.040194302681304804e+25
1.543543543543543617e+00 5.046613121773195253e+25
1.545845845845845723e+00 5.053022360100353047e+25
1.548148148148148051e+00 5.059422031399391848e+25
1.550450450450450379e+00 5.065812149439110082e+25
1.552752752752752707e+00 5.072192728019797734e+25
1.555055055055055035e+00 5.078563780972468410e+25
1.557357357357357364e+00 5.084925322158172138e+25
1.559659659659659692e+00 5.091277365467242035e+25
1.561961961961962020e+00 5.097619924818620852e+25
1.564264264264264126e+00 5.103953014159133412e+25
1.566566566566566454e+00 5.110276647462814871e+25
1.568868868868868782e+00 5.116590838730248436e+25
1.571171171171171110e+00 5.122895601987840380e+25
1.573473473473473438e+00 5.129190951287190390e+25
1.575775775775775767e+00 5.135476900704442176e+25
1.578078078078078095e+00 5.141753464339599708e+25
1.580380380380380423e+00 5.148020656315913038e+25
1.582682682682682751e+00 5.154278490779234054e+25
1.584984984984984857e+00 5.160526981897396286e+25
1.587287287287287185e+00 5.166766143859562072e+25
1.589589589589589513e+00 5.172995990875673659e+25
1.591891891891891841e+00 5.179216537175784911e+25
1.594194194194194170e+00 5.185427797009495226e+25
1.596496496496496498e+00 5.191629784645368004e+25
1.598798798798798826e+00 5.197822514370309588e+25
1.601101101101101154e+00 5.204006000489041847e+25
1.603403403403403260e+00 5.210180257323490571e+25
1.605705705705705588e+00 5.216345299212247741e+25
1.608008008008007916e+00 5.222501140510004593e+25
1.610310310310310244e+00 5.228647795587004440e+25
1.612612612612612573e+00 5.234785278828507519e+25
1.614914914914914901e+00 5.240913604634239515e+25
1.617217217217217229e+00 5.247032787417873593e+25
1.619519519519519557e+00 5.253142841606511560e+25
1.621821821821821885e+00 5.259243781640154729e+25
1.624124124124123991e+00 5.265335621971200547e+25
1.626426426426426319e+00 5.271418377063940084e+25
1.628728728728728647e+00 5.277492061394046935e+25
1.631031031031030976e+00 5.283556689448107345e+25
1.633333333333333304e+00 5.289612275723118560e+25
1.635635635635635632e+00 5.295658834725994907e+25
1.637937937937937960e+00 5.301696380973141730e+25
1.640240240240240288e+00 5.307724928989939139e+25
1.642542542542542394e+00 5.313744493310290175e+25
1.644844844844844722e+00 5.319755088476171560e+25
1.647147147147147050e+00 5.325756729037206773e+25
1.649449449449449379e+00 5.331749429550148084e+25
1.651751751751751707e+00 5.337733204578520922e+25
1.654054054054054035e+00 5.343708068692150578e+25
1.656356356356356363e+00 5.349674036466681162e+25
1.658658658658658691e+00 5.355631122483278395e+25
1.660960960960961019e+00 5.361579341328083287e+25
1.663263263263263125e+00 5.367518707591871979e+25
1.665565565565565453e+00 5.373449235869615076e+25
1.667867867867867782e+00 5.379370940760100547e+25
1.670170170170170110e+00 5.385283836865495647e+25
1.672472472472472438e+00 5.391187938791001591e+25
1.674774774774774766e+00 5.397083261144440386e+25
1.677077077077077094e+00 5.402969818535852816e+25
1.679379379379379422e+00 5.408847625577163442e+25
1.681681681681681528e+00 5.414716696881764840e+25
1.683983983983983856e+00 5.420577047064191193e+25
1.686286286286286185e+00 5.426428690739694799e+25
1.688588588588588513e+00 5.432271642523943710e+25
1.690890890890890841e+00 5.438105917032637762e+25
1.693193193193193169e+00 5.443931528881177859e+25
1.695495495495495497e+00 5.449748492684282006e+25
1.697797797797797825e+00 5.455556823055677790e+25
1.700100100100100153e+00 5.461356534607765651e+25
1.702402402402402259e+00 5.467147641951247801e+25
1.704704704704704588e+00 5.472930159694845611e+25
1.707007007007006916e+00 5.478704102444959453e+25
1.709309309309309244e+00 5.484469484805332833e+25
1.711611611611611572e+00 5.490226321376736277e+25
1.713913913913913900e+00 5.495974626756688166e+25
1.716216216216216228e+00 5.501714415539132608e+25
1.718518518518518556e+00 5.507445702314091545e+25
1.720820820820820884e+00 5.513168501667434547e+25
1.723123123123122991e+00 5.518882828180528339e+25
1.725425425425425319e+00 5.524588696429965360e+25
1.727727727727727647e+00 5.530286120987301772e+25
1.730030030030029975e+00 5.535975116418696679e+25
1.732332332332332303e+00 5.541655697284723153e+25
1.734634634634634631e+00 5.547327878140048683e+25
1.736936936936936959e+00 5.552991673533116494e+25
1.739239239239239287e+00 5.558647098005977181e+25
1.741541541541541394e+00 5.564294166093915046e+25
1.743843843843843722e+00 5.569932892325282315e+25
1.746146146146146050e+00 5.575563291221141797e+25
1.748448448448448378e+00 5.581185377295112261e+25
1.750750750750750706e+00 5.586799165053030855e+25
1.753053053053053034e+00 5.592404668992762411e+25
1.755355355355355362e+00 5.598001903603927137e+25
1.757657657657657690e+00 5.603590883367635198e+25
1.759959959959960019e+00 5.609171622756329512e+25
1.762262262262262125e+00 5.614744136233442156e+25
1.764564564564564453e+00 5.620308438253252632e+25
1.766866866866866781e+00 5.625864543260590655e+25
1.769169169169169109e+00 5.631412465690660919e+25
1.771471471471471437e+00 5.636952219968800858e+25
1.773773773773773765e+00 5.642483820510250441e+25
1.776076076076076093e+00 5.648007281719940853e+25
1.778378378378378422e+00 5.653522617992301227e+25
1.780680680680680528e+00 5.659029843711018125e+25
1.782982982982982856e+00 5.664528973248850850e+25
1.785285285285285184e+00 5.670020020967386638e+25
1.787587587587587512e+00 5.675503001216919539e+25
1.789889889889889840e+00 5.680977928336150625e+25
1.792192192192192168e+00 5.686444816652060863e+25
1.794494494494494496e+00 5.691903680479690350e+25
1.796796796796796825e+00 5.697354534121975109e+25
1.799099099099099153e+00 5.702797391869500552e+25
1.801401401401401259e+00 5.708232268000393252e+25
1.803703703703703587e+00 5.713659176780049499e+25
1.806006006006005915e+00 5.719078132461062283e+25
1.808308308308308243e+00 5.724489149282931819e+25
1.810610610610610571e+00 5.729892241471977064e+25
1.812912912912912899e+00 5.735287423241120976e+25
1.815215215215215228e+00 5.740674708789722144e+25
1.817517517517517556e+00 5.746054112303402134e+25
1.819819819819819662e+00 5.751425647953946706e+25
1.822122122122121990e+00 5.756789329899025779e+25
1.824424424424424318e+00 5.762145172282135022e+25
1.826726726726726646e+00 5.767493189232383680e+25
1.829029029029028974e+00 5.772833394864348549e+25
1.831331331331331302e+00 5.778165803277970033e+25
1.833633633633633631e+00 5.783490428558305617e+25
1.835935935935935959e+00 5.788807284775471452e+25
1.838238238238238287e+00 5.794116385984441356e+25
1.840540540540540393e+00 5.799417746224934277e+25
1.842842842842842721e+00 5.804711379521250235e+25
1.845145145145145049e+00 5.809997299882135452e+25
1.847447447447447377e+00 5.815275521300672407e+25
1.849749749749749705e+00 5.820546057754096866e+25
1.852052052052052034e+00 5.825808923203705971e+25
1.854354354354354362e+00 5.831064131594703624e+25
1.856656656656656690e+00 5.836311696856073350e+25
1.858958958958958796e+00 5.841551632900458045e+25
1.861261261261261124e+00 5.846783953624055172e+25
1.863563563563563452e+00 5.852008672906450981e+25
1.865865865865865780e+00 5.857225804610519143e+25
1.868168168168168108e+00 5.862435362582316817e+25
1.870470470470470437e+00 5.867637360650943770e+25
1.872772772772772765e+00 5.872831812628451325e+25
1.875000000000000000e+00 6.929449712286403333e+25
1.875075075075075093e+00 5.878018732309691181e+25
1.877377377377377421e+00 5.883198133472245832e+25
1.879679679679679527e+00 5.888370029876310025e+25
1.881981981981981855e+00 5.893534435264548171e+25
1.884284284284284183e+00 5.898691363362030775e+25
1.886586586586586511e+00 5.903840827876121910e+25
1.888888888888888840e+00 5.908982842496353805e+25
1.891191191191191168e+00 5.914117420894335788e+25
1.893493493493493496e+00 5.919244576723690727e+25
1.895795795795795824e+00 5.924364323619891812e+25
1.898098098098097930e+00 5.929476675200229064e+25
1.900400400400400258e+00 5.934581645063668454e+25
1.902702702702702586e+00 5.939679246790812389e+25
1.905005005005004914e+00 5.944769493943730495e+25
1.907307307307307243e+00 5.949852400065971639e+25
1.909609609609609571e+00 5.954927978682368937e+25
1.911911911911911899e+00 5.959996243299056938e+25
1.914214214214214227e+00 5.965057207403310987e+25
1.916516516516516555e+00 5.970110884463468202e+25
1.918818818818818661e+00 5.975157287928924895e+25
1.921121121121120989e+00 5.980196431229957041e+25
1.923423423423423317e+00 5.985228327777712551e+25
1.925725725725725646e+00 5.990252990964081561e+25
1.928028028028027974e+00 5.995270434161659494e+25
1.930330330330330302e+00 6.000280670723690371e+25
1.932632632632632630e+00 6.005283713983918201e+25
1.934934934934934958e+00 6.010279577256604163e+25
1.937237237237237064e+00 6.015268273836375421e+25
1.939539539539539392e+00 6.020249816998233717e+25
1.941841841841841720e+00 6.025224219997435111e+25
1.944144144144144049e+00 6.030191496069443592e+25
1.946446446446446377e+00 6.035151658429869236e+25
1.948748748748748705e+00 6.040104720274377149e+25
1.951051051051051033e+00 6.045050694778702928e+25
1.953353353353353361e+00 6.049989595098479149e+25
1.955655655655655689e+00 6.054921434369282606e+25
1.957957957957957795e+00 6.059846225706483992e+25
1.960260260260260123e+00 6.064763982205281397e+25
1.962562562562562452e+00 6.069674716940577471e+25
1.964864864864864780e+00 6.074578442966965683e+25
1.967167167167167108e+00 6.079475173318616074e+25
1.969469469469469436e+00 6.084364921009327655e+25
1.971771771771771764e+00 6.089247699032374646e+25
1.974074074074074092e+00 6.094123520360516787e+25
1.976376376376376198e+00 6.098992397945953807e+25
1.978678678678678526e+00 6.103854344720197439e+25
1.980980980980980855e+00 6.108709373594156456e+25
1.983283283283283183e+00 6.113557497457983775e+25
1.985585585585585511e+00 6.118398729181068720e+25
1.987887887887887839e+00 6.123233081612016410e+25
1.990190190190190167e+00 6.128060567578572167e+25
1.992492492492492495e+00 6.132881199887594889e+25
1.994794794794794823e+00 6.137694991325024403e+25
1.997097097097096929e+00 6.142501954655832507e+25
1.999399399399399258e+00 6.147302102623967136e+25
2.001701701701701364e+00 6.152095447952378126e+25
2.004004004004003914e+00 6.156882003342912424e+25
2.006306306306306020e+00 6.161661781476309789e+25
2.008608608608608570e+00 6.166434795012158124e+25
2.010910910910910676e+00 6.171201056588894337e+25
2.013213213213213226e+00 6.175960578823725313e+25
2.015515515515515332e+00 6.180713374312637360e+25
2.017817817817817438e+00 6.185459455630331791e+25
2.020120120120119989e+00 6.190198835330223199e+25
2.022422422422422095e+00 6.194931525944386204e+25
2.024724724724724645e+00 6.199657539983555451e+25
2.027027027027026751e+00 6.204376889937096404e+25
2.029329329329329301e+00 6.209089588272947797e+25
2.031631631631631407e+00 6.213795647437615614e+25
2.033933933933933957e+00 6.218495079856185123e+25
2.036236236236236063e+00 6.223187897932226380e+25
2.038538538538538170e+00 6.227874114047850068e+25
2.040840840840840720e+00 6.232553740563617301e+25
2.043143143143142826e+00 6.237226789818568828e+25
2.045445445445445376e+00 6.241893274130166626e+25
2.047747747747747482e+00 6.246553205794311934e+25
2.050050050050050032e+00 6.251206597085307462e+25
2.052352352352352138e+00 6.255853460255833333e+25
2.054654654654654689e+00 6.260493807536944513e+25
2.056956956956956795e+00 6.265127651138053627e+25
2.059259259259258901e+00 6.269755003246902611e+25
2.061561561561561451e+00 6.274375876029572166e+25
2.063863863863863557e+00 6.278990281630448251e+25
2.066166166166166107e+00 6.283598232172207486e+25
2.068468468468468213e+00 6.288199739755811995e+25
2.070770770770770763e+00 6.292794816460531738e+25
2.073073073073072869e+00 6.297383474343844872e+25
2.075375375375374976e+00 6.301965725441529660e+25
2.077677677677677526e+00 6.306541581767591460e+25
2.079979979979979632e+00 6.311111055314254131e+25
2.082282282282282182e+00 6.315674158052020163e+25
2.084584584584584288e+00 6.320230901929565025e+25
2.086886886886886838e+00 6.324781298873786124e+25
2.089189189189188944e+00 6.329325360789790780e+25
2.091491491491491495e+00 6.333863099560905673e+25
2.093793793793793601e+00 6.338394527048633039e+25
2.096096096096095707e+00 6.342919655092678153e+25
2.098398398398398257e+00 6.347438495510932152e+25
2.100700700700700807e+00 6.351951060099478905e+25
2.103003003003002913e+00 6.356457360632552926e+25
2.105305305305305019e+00 6.360957408862634716e+25
2.107607607607607569e+00 6.365451216520312471e+25
2.109909909909909675e+00 6.369938795314412647e+25
2.112212212212212226e+00 6.374420156931908905e+25
2.114514514514514332e+00 6.378895313037948741e+25
2.116816816816816882e+00 6.383364275275887848e+25
2.119119119119118988e+00 6.387827055267242009e+25
2.121421421421421538e+00 6.392283664611714586e+25
2.123723723723723644e+00 6.396734114887201673e+25
2.126026026026025750e+00 6.401178417649794677e+25
2.128328328328328301e+00 6.405616584433752824e+25
2.130630630630630407e+00 6.410048626751546115e+25
2.132932932932932957e+00 6.414474556093849307e+25
2.135235235235235063e+00 6.418894383931539077e+25
2.137537537537537613e+00 6.423308121707732011e+25
2.139839839839839719e+00 6.427715780849706573e+25
2.142142142142142269e+00 6.432117372761002083e+25
2.144444444444444375e+00 6.436512908823377226e+25
2.146746746746746481e+00 6.440902400396826365e+25
2.149049049049049032e+00 6.445285858819612190e+25
2.151351351351351138e+00 6.449663295408216755e+25
2.153653653653653688e+00 6.454034721457411908e+25
2.155955955955955794e+00 6.458400148240242122e+25
2.158258258258258344e+00 6.462759587008022768e+25
2.160560560560560450e+00 6.467113048990354721e+25
2.162862862862863000e+00 6.471460545395157865e+25
2.165165165165165106e+00 6.475802087408667648e+25
2.167467467467467213e+00 6.480137686195413616e+25
2.169769769769769763e+00 6.484467352898296717e+25
2.172072072072071869e+00 6.488791098638552367e+25
2.174374374374374419e+00 6.493108934515777077e+25
2.176676676676676525e+00 6.497420871607915569e+25
2.178978978978979075e+00 6.501726920971369868e+25
2.181281281281281181e+00 6.506027093640853273e+25
2.183583583583583287e+00 6.510321400629566451e+25
2.185885885885885838e+00 6.514609852929102949e+25
2.188188188188187944e+00 6.518892461509492139e+25
2.190490490490490494e+00 6.523169237319231006e+25
2.192792792792792600e+00 6.527440191285327097e+25
2.195095095095095150e+00 6.531705334313214335e+25
2.197397397397397256e+00 6.535964677286882732e+25
2.199699699699699806e+00 6.540218231068821694e+25
2.202002002002001912e+00 6.544466006500049227e+25
2.204304304304304019e+00 6.548708014400173781e+25
2.206606606606606569e+00 6.552944265567355603e+25
2.208908908908908675e+00 6.557174770778335075e+25
2.211211211211211225e+00 6.561399540788480824e+25
2.213513513513513331e+00 6.565618586331798308e+25
2.215815815815815881e+00 6.569831918120901473e+25
2.218118118118117987e+00 6.574039546847118406e+25
2.220420420420420538e+00 6.578241483180421756e+25
2.222722722722722644e+00 6.582437737769504331e+25
2.225025025025024750e+00 6.586628321241793692e+25
2.227327327327327300e+00 6.590813244203447868e+25
2.229629629629629406e+00 6.594992517239385411e+25
2.231931931931931956e+00 6.599166150913342097e+25
2.234234234234234062e+00 6.603334155767807359e+25
2.236536536536536612e+00 6.607496542324162580e+25
2.238838838838838718e+00 6.611653321082567712e+25
2.241141141141141269e+00 6.615804502522127919e+25
2.243443443443443375e+00 6.619950097100787058e+25
2.245745745745745481e+00 6.624090115255411868e+25
2.248048048048048031e+00 6.628224567401846078e+25
2.250350350350350137e+00 6.632353463934858015e+25
2.252652652652652687e+00 6.636476815228200729e+25
2.254954954954954793e+00 6.640594631634654088e+25
2.257257257257257343e+00 6.644706923486021338e+25
2.259559559559559450e+00 6.648813701093142850e+25
2.261861861861861556e+00 6.652914974745964836e+25
2.264164164164164106e+00 6.657010754713529044e+25
2.266466466466466212e+00 6.661101051243994235e+25
2.268768768768768762e+00 6.665185874564684278e+25
2.271071071071070868e+00 6.669265234882088161e+25
2.273373373373373418e+00 6.673339142381903792e+25
2.275675675675675524e+00 6.677407607229061193e+25
2.277977977977978075e+00 6.681470639567719067e+25
2.280280280280280181e+00 4.612640444820786343e+25
2.282582582582582287e+00 4.615444156230932379e+25
2.284884884884884837e+00 4.618244287842033410e+25
2.287187187187186943e+00 4.621040846030952794e+25
2.289489489489489493e+00 4.623833837162698918e+25
2.291791791791791599e+00 4.626623267590456128e+25
2.294094094094094149e+00 4.629409143655572695e+25
2.296396396396396256e+00 4.632191471687587451e+25
2.298698698698698806e+00 4.634970258004203156e+25
2.301001001001000912e+00 4.637745508911343191e+25
2.303303303303303018e+00 4.640517230703117203e+25
2.305605605605605568e+00 4.643285429661844293e+25
2.307907907907907674e+00 4.646050112058050440e+25
2.310210210210210224e+00 4.648811284150516609e+25
2.312512512512512330e+00 4.651568952186213459e+25
2.314814814814814881e+00 4.654323122400419893e+25
2.317117117117116987e+00 4.657073801016586472e+25
2.319419419419419537e+00 4.659820994246483165e+25
2.321721721721721643e+00 4.662564708290118601e+25
2.324024024024023749e+00 4.665304949335790753e+25
2.326326326326326299e+00 4.668041723560092949e+25
2.328628628628628405e+00 4.670775037127883806e+25
2.330930930930930955e+00 4.673504896192369695e+25
2.333233233233233062e+00 4.676231306895046331e+25
2.335535535535535612e+00 4.678954275365729692e+25
2.337837837837837718e+00 4.681673807722611000e+25
2.340140140140139824e+00 4.684389910072180266e+25
2.342442442442442374e+00 4.687102588509324221e+25
2.344744744744744480e+00 4.689811849117261024e+25
2.347047047047047030e+00 4.692517697967617579e+25
2.349349349349349136e+00 4.695220141120400328e+25
2.351651651651651687e+00 4.697919184624001258e+25
2.353953953953953793e+00 4.700614834515243436e+25
2.356256256256256343e+00 4.703307096819375850e+25
2.358558558558558449e+00 4.705995977550053652e+25
2.360860860860860555e+00 4.708681482709399150e+25
2.363163163163163105e+00 4.711363618288002663e+25
2.365465465465465211e+00 4.714042390264883869e+25
2.367767767767767761e+00 4.716717804607591448e+25
2.370070070070069868e+00 4.719389867272112884e+25
2.372372372372372418e+00 4.722058584202996450e+25
2.374674674674674524e+00 4.724723961333276465e+25
2.376976976976977074e+00 4.727386004584506806e+25
2.379279279279279180e+00 4.730044719866815874e+25
2.381581581581581286e+00 4.732700113078868804e+25
2.383883883883883836e+00 4.735352190107879489e+25
2.386186186186185942e+00 4.738000956829677581e+25
2.388488488488488493e+00 4.740646419108665543e+25
2.390790790790790599e+00 4.743288582797861597e+25
2.393093093093093149e+00 4.745927453738884263e+25
2.395395395395395255e+00 4.748563037761994450e+25
2.397697697697697805e+00 4.751195340686122083e+25
2.399999999999999911e+00 4.753824368318815425e+25
